GalaxyID,Class1.1,Class1.2,Class1.3,Categorization
100008,0.383147,0.616853,0,Feature or Disc
100023,0.327001,0.663777,0.009222,Feature or Disc
100053,0.765717,0.177352,0.056931,Rounded
100078,0.693377,0.238564,0.068059,Rounded
100090,0.933839,0,0.066161,Rounded
100122,0.738832,0.238159,0.023009,Rounded
100123,0.462492,0.456033,0.081475,Rounded
100128,0.687783,0.288344,0.023873,Rounded
100134,0.021834,0.976952,0.001214,Feature or Disc
100143,0.269843,0.730157,0,Feature or Disc
100150,0.429378,0.524901,0.045721,Feature or Disc
100157,0.330462,0.669145,3.93E-04,Feature or Disc
100187,0.448521,0.551479,0,Feature or Disc
100204,0.467625,0.53148,8.95E-04,Feature or Disc
100237,0.164391,0.800759,0.03485,Feature or Disc
100259,0.338597,0.661403,0,Feature or Disc
100263,0.179654,0.81853,0.001816,Feature or Disc
100288,0.64558,0.308559,0.045861,Rounded
100295,0.742621,0.191321,0.066058,Rounded
100322,0.091987,0.908013,0,Feature or Disc
100335,0.165002,0.834998,0,Feature or Disc
100367,0.471429,0.512708,0.015863,Feature or Disc
100380,0.03,0.97,0,Feature or Disc
100382,0.256861,0.74281,3.29E-04,Feature or Disc
100383,0.3053,0.681721,0.012979,Feature or Disc
100402,0.61,0.39,0,Rounded
100428,0.715291,0.259587,0.025122,Rounded
100434,0.748,0.214,0.038,Rounded
100444,0.791103,0.138192,0.070705,Rounded
100445,0.186593,0.796066,0.017341,Feature or Disc
100458,0.820908,0.081499,0.097593,Rounded
100474,0.201416,0.745599,0.052985,Feature or Disc
100479,0.841554,0.158446,0,Rounded
100506,0.339372,0.649109,0.011518,Feature or Disc
100513,0.275971,0.700977,0.023052,Feature or Disc
100520,0.04243,0.95757,0,Feature or Disc
100541,0.445052,0.533256,0.021693,Feature or Disc
100561,0.288297,0.701849,0.009854,Feature or Disc
100571,0.713051,0.15889,0.128059,Rounded
100601,0.666779,0.311222,0.022,Rounded
100623,0.397461,0.569675,0.032864,Feature or Disc
100672,0.931725,0.036703,0.031572,Rounded
100673,0.044846,0.955154,0,Feature or Disc
100724,0.862362,0.137638,0,Rounded
100727,0.816171,0.156441,0.027388,Rounded
100730,0.537875,0.322783,0.139342,Rounded
100740,0.638848,0.354207,0.006945,Rounded
100744,0.688286,0.238819,0.072894,Rounded
100765,0.069821,0.928216,0.001962,Feature or Disc
100774,0.490703,0.418373,0.090924,Rounded
100801,0.034997,0.965003,0,Feature or Disc
100813,0.017011,0.982989,0,Feature or Disc
100821,0.05774,0.925928,0.016332,Feature or Disc
100822,0.312826,0.687174,0,Feature or Disc
100836,0.418589,0.55783,0.023581,Feature or Disc
100852,0.727389,0.237785,0.034826,Rounded
100859,0,1,0,Feature or Disc
100861,0.518083,0.464151,0.017766,Rounded
100867,0.806776,0.143003,0.05022,Rounded
100887,0.548984,0.430549,0.020467,Rounded
100894,0.28242,0.70733,0.01025,Feature or Disc
100938,0.384686,0.238401,0.376913,Rounded
100951,0.065374,0.934626,0,Feature or Disc
100986,0.475139,0.513016,0.011844,Feature or Disc
101007,0.077166,0.895607,0.027227,Feature or Disc
101061,0.745385,0.254615,0,Rounded
101074,0.083596,0.905201,0.011203,Feature or Disc
101092,0.870043,0.077985,0.051972,Rounded
101127,0.361844,0.623873,0.014283,Feature or Disc
101133,0.201007,0.720613,0.07838,Feature or Disc
101135,0.523,0.477,0,Rounded
101140,0.034641,0.965359,0,Feature or Disc
101151,0.644645,0.222222,0.133133,Rounded
101164,0.737512,0.244453,0.018035,Rounded
101166,0.369798,0.630202,0,Feature or Disc
101181,0.037222,0.951572,0.011206,Feature or Disc
101232,0.240397,0.743943,0.01566,Feature or Disc
101239,0.225396,0.769924,0.00468,Feature or Disc
101244,0.090797,0.909203,0,Feature or Disc
101246,0.636023,0.250403,0.113575,Rounded
101247,0.781271,0.16784,0.050888,Rounded
101251,0.722908,0.252678,0.024414,Rounded
101275,0.092841,0.893727,0.013433,Feature or Disc
101283,0.576192,0.423808,0,Rounded
101286,0.55827,0.388391,0.053339,Rounded
101290,0.831181,0.168819,0,Rounded
101291,0.87988,0.091484,0.028636,Rounded
101296,0.656344,0.257661,0.085995,Rounded
101298,0.093262,0.90032,0.006418,Feature or Disc
101306,0.376784,0.611058,0.012157,Feature or Disc
101307,0.047993,0.952007,0,Feature or Disc
101315,0.121268,0.852081,0.026651,Feature or Disc
101324,0.444025,0.555975,0,Feature or Disc
101325,0.715051,0.234858,0.050091,Rounded
101355,0.31531,0.68469,0,Feature or Disc
101358,0.385622,0.614378,0,Feature or Disc
101371,0.618786,0.312107,0.069107,Rounded
101374,0.257273,0.728601,0.014125,Feature or Disc
101375,0.394491,0.586077,0.019431,Feature or Disc
101427,0.260917,0.739083,0,Feature or Disc
101469,0.399092,0.518102,0.082807,Feature or Disc
101493,0.331373,0.646556,0.022071,Feature or Disc
101501,0.169743,0.830257,0,Feature or Disc
101502,0.727063,0.254337,0.0186,Rounded
101518,0.758468,0.19524,0.046292,Rounded
101538,0.789034,0.183839,0.027127,Rounded
101548,0.750104,0.155924,0.093971,Rounded
101549,0.428193,0.550411,0.021396,Feature or Disc
101563,0.253478,0.736091,0.010431,Feature or Disc
101564,0.205444,0.785181,0.009375,Feature or Disc
101572,0.650563,0.328268,0.02117,Rounded
101589,0.30211,0.683198,0.014691,Feature or Disc
101591,0.335298,0.623813,0.040888,Feature or Disc
101595,0.137009,0.844953,0.018038,Feature or Disc
101597,0.606589,0.374849,0.018562,Rounded
101599,0.746572,0.232688,0.02074,Rounded
101623,0.860377,0.064327,0.075296,Rounded
101627,0.913527,0.058645,0.027828,Rounded
101651,0.590388,0.338379,0.071233,Rounded
101654,0.570972,0.375011,0.054018,Rounded
101660,0.171583,0.828417,0,Feature or Disc
101666,0.132546,0.867454,0,Feature or Disc
101685,0.16016,0.834233,0.005608,Feature or Disc
101695,0.795754,0.184937,0.019309,Rounded
101701,0.254054,0.721244,0.024702,Feature or Disc
101718,0.043443,0.946096,0.010461,Feature or Disc
101754,0.723273,0.276727,0,Rounded
101756,0.030228,0.969772,0,Feature or Disc
101762,0.437887,0.562113,0,Feature or Disc
101774,0.156509,0.836695,0.006796,Feature or Disc
101787,0.113089,0.886911,0,Feature or Disc
101788,0.338838,0.635555,0.025607,Feature or Disc
101798,0.456193,0.508489,0.035318,Feature or Disc
101804,0.11632,0.877218,0.006463,Feature or Disc
101807,0.319786,0.680214,0,Feature or Disc
101816,0.78041,0.204944,0.014646,Rounded
101848,0.171238,0.828762,0,Feature or Disc
101854,0.678036,0.28231,0.039653,Rounded
101858,0.948216,0.051784,0,Rounded
101875,0.723381,0.275033,0.001587,Rounded
101893,0.133808,0.860998,0.005194,Feature or Disc
101941,0.203394,0.796606,0,Feature or Disc
101943,0.855317,0.116171,0.028511,Rounded
101955,0.18089,0.809767,0.009344,Feature or Disc
101971,0.603217,0.396141,6.42E-04,Rounded
101980,0.107162,0.820145,0.072692,Feature or Disc
101991,0.04394,0.945656,0.010404,Feature or Disc
101995,0.496224,0.503776,0,Feature or Disc
101997,0.112727,0.887273,0,Feature or Disc
102000,0.822,0.111,0.067,Rounded
102015,0.679525,0.257918,0.062557,Rounded
102021,0.126799,0.864985,0.008216,Feature or Disc
102027,0.416039,0.578523,0.005438,Feature or Disc
102040,0.025016,0.925783,0.049201,Feature or Disc
102046,0.104629,0.877188,0.018183,Feature or Disc
102047,0.485271,0.49924,0.015489,Feature or Disc
102113,0.199286,0.777746,0.022968,Feature or Disc
102115,0.518751,0.459496,0.021752,Rounded
102159,0.239007,0.723905,0.037088,Feature or Disc
102174,0.558028,0.441364,6.08E-04,Rounded
102176,0.108068,0.853528,0.038404,Feature or Disc
102182,0.921081,0,0.078919,Rounded
102243,0,0.999491,5.09E-04,Feature or Disc
102260,0.918,0,0.082,Rounded
102271,0.386429,0.605906,0.007665,Feature or Disc
102295,0.700306,0.275727,0.023967,Rounded
102328,0.241393,0.758607,0,Feature or Disc
102347,0.588103,0.397764,0.014132,Rounded
102371,0.754986,0.230442,0.014572,Rounded
102391,0.229132,0.718477,0.052391,Feature or Disc
102402,0.007341,0.992659,0,Feature or Disc
102406,0.119271,0.875271,0.005458,Feature or Disc
102407,0.04231,0.95769,0,Feature or Disc
102422,0.008077,0.96617,0.025752,Feature or Disc
102433,0.007049,0.988113,0.004837,Feature or Disc
102471,0.612243,0.35793,0.029827,Rounded
102474,0.013761,0.971333,0.014906,Feature or Disc
102481,0.768457,0.211815,0.019728,Rounded
102513,0.846341,0.134177,0.019483,Rounded
102556,0.620074,0.379926,0,Rounded
102595,0.12269,0.870089,0.007221,Feature or Disc
102602,0.824734,0.175266,0,Rounded
102616,0.592219,0.36673,0.041052,Rounded
102642,0.665077,0.289444,0.045479,Rounded
102649,0.486956,0.462539,0.050505,Rounded
102657,0.216443,0.544742,0.238815,Feature or Disc
102699,0.245247,0.704054,0.050698,Feature or Disc
102701,0.300695,0.667608,0.031698,Feature or Disc
102729,0.641641,0.343817,0.014543,Rounded
102731,0.488056,0.395968,0.115976,Rounded
102735,0.019959,0.980041,0,Feature or Disc
102742,0.333472,0.664467,0.002062,Feature or Disc
102743,0.651544,0.303465,0.044991,Rounded
102765,0.044177,0.955823,0,Feature or Disc
102770,0.70259,0.152927,0.144483,Rounded
102799,0.501004,0.498996,0,Rounded
102804,0.803426,0.167448,0.029126,Rounded
102808,0.567259,0.406365,0.026376,Rounded
102812,0.358125,0.641875,0,Feature or Disc
102822,0.463287,0.500088,0.036624,Feature or Disc
102834,0.635202,0.334732,0.030065,Rounded
102839,0.771294,0.180726,0.04798,Rounded
102843,0.74002,0.240034,0.019946,Rounded
102863,0.258245,0.73253,0.009226,Feature or Disc
102871,0.501208,0.459156,0.039636,Rounded
102874,0.113375,0.886502,1.24E-04,Feature or Disc
102919,0.364348,0.635652,0,Feature or Disc
102928,0.909,0.091,0,Rounded
102933,0.816184,0.146853,0.036963,Rounded
102964,0.071882,0.915685,0.012434,Feature or Disc
102974,0.180686,0.808666,0.010648,Feature or Disc
102977,0.805,0.146,0.049,Rounded
102982,0.176454,0.823546,0,Feature or Disc
102990,0.041385,0.958615,0,Feature or Disc
102998,0.457237,0.480463,0.0623,Feature or Disc
103019,0.188775,0.788515,0.02271,Feature or Disc
103037,0.148617,0.851383,0,Feature or Disc
103040,0.099171,0.900829,0,Feature or Disc
103072,0.770706,0.229294,0,Rounded
103075,0.007953,0.979745,0.012302,Feature or Disc
103132,0.229576,0.770424,0,Feature or Disc
103159,0.381227,0.618773,0,Feature or Disc
103167,0.378345,0.577706,0.043949,Feature or Disc
103191,0.748594,0.251406,0,Rounded
103224,0.552642,0.435214,0.012144,Rounded
103233,0.688587,0.264818,0.046595,Rounded
103246,0.203818,0.784712,0.01147,Feature or Disc
103255,0.260065,0.712837,0.027098,Feature or Disc
103260,0.908351,0.091649,0,Rounded
103318,0.115638,0.884362,0,Feature or Disc
103323,0.718545,0.258488,0.022967,Rounded
103348,0.933,0.067,0,Rounded
103353,0.711621,0.264006,0.024372,Rounded
103354,0.811139,0.092014,0.096848,Rounded
103356,0.026522,0.864163,0.109315,Feature or Disc
103373,0.341897,0.658103,0,Feature or Disc
103386,0.564306,0.364465,0.071229,Rounded
103393,0.527,0.449,0.024,Rounded
103444,0.594672,0.375857,0.029472,Rounded
103445,0.339793,0.660207,0,Feature or Disc
103491,0.085222,0.889448,0.025331,Feature or Disc
103500,0.796207,0.053195,0.150598,Rounded
103503,0.238499,0.761501,0,Feature or Disc
103520,0.227227,0.754837,0.017936,Feature or Disc
103523,0.29655,0.688233,0.015217,Feature or Disc
103533,0,0.995828,0.004172,Feature or Disc
103547,0.136864,0.863136,0,Feature or Disc
103561,0.168596,0.831404,0,Feature or Disc
103577,0.568239,0.401682,0.03008,Rounded
103592,0.393314,0.596196,0.01049,Feature or Disc
103610,0.716845,0.283155,0,Rounded
103626,0.546627,0.438907,0.014466,Rounded
103645,0.738473,0.247139,0.014388,Rounded
103646,0.751399,0.199598,0.049004,Rounded
103707,0.904495,0,0.095505,Rounded
103718,0.901688,0.071463,0.026849,Rounded
103731,0.564299,0.435701,0,Rounded
103750,0.085549,0.907109,0.007343,Feature or Disc
103751,0.223862,0.769176,0.006962,Feature or Disc
103754,0.197466,0.797741,0.004792,Feature or Disc
103758,0.777227,0.157902,0.064871,Rounded
103769,0.158279,0.841721,0,Feature or Disc
103787,0.182691,0.817309,0,Feature or Disc
103818,0.060546,0.939454,0,Feature or Disc
103819,0.855049,0.108416,0.036534,Rounded
103824,0.276791,0.721908,0.0013,Feature or Disc
103882,0.389489,0.58918,0.021331,Feature or Disc
103900,0.5653,0.374732,0.059968,Rounded
103902,0.931195,0.045215,0.02359,Rounded
103904,0.73067,0.238,0.03133,Rounded
103907,0.54954,0.435993,0.014467,Rounded
103950,0,1,0,Feature or Disc
103955,0.54902,0.433338,0.017642,Rounded
103974,0.121516,0.878484,0,Feature or Disc
103979,0.109451,0.890162,3.87E-04,Feature or Disc
103999,0.107154,0.892846,0,Feature or Disc
104001,0.108,0.857641,0.034359,Feature or Disc
104008,0.171716,0.828284,0,Feature or Disc
104020,0.117421,0.882579,0,Feature or Disc
104040,0.003114,0.996886,0,Feature or Disc
104041,0.373589,0.625946,4.65E-04,Feature or Disc
104096,0.914811,0,0.085189,Rounded
104110,0.735239,0.236661,0.0281,Rounded
104131,0.254489,0.745511,0,Feature or Disc
104141,0.577857,0.422143,0,Rounded
104143,0.833211,0.137453,0.029336,Rounded
104159,0.911,0.089,0,Rounded
104173,0.922761,0.051493,0.025746,Rounded
104196,0.803519,0.194233,0.002248,Rounded
104212,0.264831,0.718021,0.017148,Feature or Disc
104216,0.339834,0.660166,0,Feature or Disc
104222,0.441172,0.552333,0.006496,Feature or Disc
104234,0.074877,0.925123,0,Feature or Disc
104243,0.594094,0.387919,0.017987,Rounded
104253,0.678695,0.283363,0.037942,Rounded
104267,0.436819,0.560911,0.002269,Feature or Disc
104268,0.067546,0.932454,0,Feature or Disc
104279,0.403457,0.417923,0.17862,Feature or Disc
104281,0.517314,0.397152,0.085534,Rounded
104287,0.388082,0.611918,0,Feature or Disc
104310,0.116398,0.860361,0.023241,Feature or Disc
104314,0.390641,0.581348,0.028012,Feature or Disc
104317,0.18605,0.81395,0,Feature or Disc
104354,0.216522,0.783478,0,Feature or Disc
104365,0.155843,0.833819,0.010338,Feature or Disc
104387,0.643926,0.332022,0.024053,Rounded
104389,0.009712,0.990042,2.46E-04,Feature or Disc
104398,0.129669,0.870331,0,Feature or Disc
104414,0.696458,0.132897,0.170645,Rounded
104420,0.021774,0.978226,0,Feature or Disc
104422,0.803918,0.170211,0.025871,Rounded
104440,0.756131,0.223832,0.020038,Rounded
104460,0.594297,0.354449,0.051253,Rounded
104478,0.121545,0.835259,0.043196,Feature or Disc
104516,0.63424,0.36576,0,Rounded
104536,0.005302,0.99026,0.004438,Feature or Disc
104540,0.41835,0.58165,0,Feature or Disc
104589,0.2749,0.707042,0.018059,Feature or Disc
104602,0.602865,0.37992,0.017215,Rounded
104608,0.129405,0.870595,0,Feature or Disc
104610,0.076235,0.923765,0,Feature or Disc
104611,0.83877,0.157906,0.003325,Rounded
104612,0.826512,0.146869,0.02662,Rounded
104624,0.241859,0.736995,0.021146,Feature or Disc
104703,0.89045,0.082163,0.027388,Rounded
104709,0.50752,0.49248,0,Rounded
104721,0.174506,0.809895,0.015599,Feature or Disc
104723,0.164382,0.833999,0.001619,Feature or Disc
104751,0.409048,0.576915,0.014037,Feature or Disc
104764,0.671796,0.298944,0.029259,Rounded
104769,0.566189,0.433811,0,Rounded
104784,0.121581,0.857129,0.021289,Feature or Disc
104788,0.273614,0.713433,0.012952,Feature or Disc
104819,0.475701,0.505651,0.018648,Feature or Disc
104830,0.422965,0.577035,0,Feature or Disc
104920,0.455749,0.531973,0.012277,Feature or Disc
104929,0.541,0.432,0.027,Rounded
104934,0,0.975,0.025,Feature or Disc
104962,0.075881,0.918211,0.005908,Feature or Disc
104977,0.727046,0.176591,0.096363,Rounded
104988,0.911,0.089,0,Rounded
104991,0.333704,0.643287,0.023009,Feature or Disc
105009,0,1,0,Feature or Disc
105014,0.195849,0.802927,0.001224,Feature or Disc
105020,0.935,0.065,0,Rounded
105028,0.195956,0.804044,0,Feature or Disc
105056,0.490476,0.509524,0,Feature or Disc
105069,0,0.997,0.003,Feature or Disc
105070,0.333279,0.631299,0.035422,Feature or Disc
105082,0.544582,0.434964,0.020454,Rounded
105088,0.834581,0.165419,0,Rounded
105092,0.675493,0.261575,0.062932,Rounded
105117,0.208106,0.791894,0,Feature or Disc
105165,0.918964,0.064499,0.016536,Rounded
105201,0.432868,0.567132,0,Feature or Disc
105216,0.313006,0.686994,0,Feature or Disc
105218,0.069123,0.919623,0.011255,Feature or Disc
105221,0.262282,0.726554,0.011164,Feature or Disc
105257,0.405368,0.545007,0.049624,Feature or Disc
105258,0.788193,0.176733,0.035074,Rounded
105279,0.539082,0.460918,0,Rounded
105314,0.139,0.86,0.001,Feature or Disc
105331,0.529774,0.470226,0,Rounded
105334,0.362408,0.637592,0,Feature or Disc
105354,0.682503,0.257575,0.059922,Rounded
105364,0.39186,0.576272,0.031868,Feature or Disc
105365,0.065123,0.93313,0.001746,Feature or Disc
105381,0.075397,0.924603,0,Feature or Disc
105417,0.279186,0.720462,3.53E-04,Feature or Disc
105447,1,0,0,Rounded
105459,0.850969,0.108281,0.04075,Rounded
105497,0,1,0,Feature or Disc
105500,0.121764,0.854161,0.024076,Feature or Disc
105507,0.815522,0.156184,0.028294,Rounded
105513,0.140641,0.825082,0.034277,Feature or Disc
105529,0.354016,0.605553,0.040431,Feature or Disc
105539,0.192903,0.79229,0.014807,Feature or Disc
105541,0.552297,0.413768,0.033935,Rounded
105572,0,1,0,Feature or Disc
105576,0.446508,0.553492,0,Feature or Disc
105581,0.593136,0.378804,0.028061,Rounded
105613,0.180016,0.802756,0.017228,Feature or Disc
105631,0.122594,0.877406,0,Feature or Disc
105648,0.632636,0.351002,0.016361,Rounded
105653,0.426994,0.552378,0.020628,Feature or Disc
105700,0.072145,0.927169,6.85E-04,Feature or Disc
105743,0.305599,0.693496,9.06E-04,Feature or Disc
105755,0.840504,0.13786,0.021636,Rounded
105757,0.783775,0.201369,0.014856,Rounded
105758,0.339488,0.644864,0.015648,Feature or Disc
105762,0.504815,0.494495,6.90E-04,Rounded
105764,0.22339,0.775834,7.76E-04,Feature or Disc
105772,0.728777,0.228984,0.042239,Rounded
105774,0.113271,0.879408,0.007321,Feature or Disc
105787,0.359275,0.640725,0,Feature or Disc
105797,0.998081,0,0.001919,Rounded
105846,0.304101,0.641058,0.054841,Feature or Disc
105868,0.731,0.151,0.118,Rounded
105870,0.839469,0.102576,0.057954,Rounded
105879,0.36815,0.619643,0.012207,Feature or Disc
105881,0.327731,0.628615,0.043654,Feature or Disc
105900,0.335839,0.636325,0.027835,Feature or Disc
105902,0.097254,0.902746,0,Feature or Disc
105925,0.022316,0.977684,0,Feature or Disc
105940,0.082837,0.917163,0,Feature or Disc
105973,0.267528,0.720273,0.012199,Feature or Disc
105983,0.149074,0.829977,0.020949,Feature or Disc
105984,0.425467,0.54751,0.027023,Feature or Disc
105986,0.312161,0.658727,0.029112,Feature or Disc
105991,0.754,0.201,0.045,Rounded
106000,0.698353,0.251825,0.049822,Rounded
106018,0.698037,0.301963,0,Rounded
106028,0.889,0.067,0.044,Rounded
106039,0.293303,0.706697,0,Feature or Disc
106040,0.975043,0,0.024957,Rounded
106044,0.73289,0.218463,0.048648,Rounded
106049,0.1291,0.635669,0.235231,Feature or Disc
106059,0.460961,0.524712,0.014326,Feature or Disc
106079,0.128923,0.844001,0.027076,Feature or Disc
106105,0.578251,0.371423,0.050326,Rounded
106124,0.586653,0.194909,0.218438,Rounded
106147,0.529245,0.446313,0.024442,Rounded
106165,0.262619,0.722361,0.015021,Feature or Disc
106170,0.858428,0.123272,0.0183,Rounded
106176,0.059606,0.940394,0,Feature or Disc
106199,0.117752,0.866715,0.015533,Feature or Disc
106205,0.521535,0.428165,0.0503,Rounded
106206,0.556426,0.443574,0,Rounded
106230,0.646201,0.321552,0.032248,Rounded
106263,0.322803,0.677197,0,Feature or Disc
106275,0.205799,0.791912,0.002289,Feature or Disc
106298,0.103027,0.876013,0.02096,Feature or Disc
106355,0.253134,0.715186,0.03168,Feature or Disc
106357,0.441,0.487,0.072,Feature or Disc
106388,0.728447,0.271553,0,Rounded
106390,0.024197,0.964936,0.010867,Feature or Disc
106409,0.373134,0.626866,0,Feature or Disc
106429,0.437039,0.562961,0,Feature or Disc
106432,0.229958,0.770042,0,Feature or Disc
106463,0.676278,0.241397,0.082325,Rounded
106471,0.317754,0.682246,0,Feature or Disc
106499,0.352787,0.647213,0,Feature or Disc
106514,0.279581,0.720419,0,Feature or Disc
106544,0.567984,0.43128,7.36E-04,Rounded
106612,0.510511,0.469469,0.02002,Rounded
106621,0.019363,0.980637,0,Feature or Disc
106646,0.488509,0.49179,0.019701,Feature or Disc
106652,0.86,0.093,0.047,Rounded
106664,0.070672,0.907405,0.021923,Feature or Disc
106670,0.42883,0.517239,0.053931,Feature or Disc
106689,0.71892,0.233337,0.047744,Rounded
106694,0.720824,0.265597,0.013579,Rounded
106705,0.285612,0.683578,0.030809,Feature or Disc
106725,0.599257,0.251367,0.149376,Rounded
106739,0.362703,0.62551,0.011787,Feature or Disc
106749,0.683619,0.191977,0.124404,Rounded
106773,0.83984,0.136136,0.024024,Rounded
106777,0.007322,0.992678,0,Feature or Disc
106781,0.79095,0.118477,0.090573,Rounded
106784,0.144379,0.833553,0.022068,Feature or Disc
106788,0.167323,0.818644,0.014033,Feature or Disc
106800,0.865772,0.083457,0.050771,Rounded
106803,0.332964,0.667036,0,Feature or Disc
106812,0.711463,0.226034,0.062503,Rounded
106819,0.442201,0.557799,0,Feature or Disc
106829,0.509744,0.475134,0.015122,Rounded
106841,0.763234,0.233295,0.003471,Rounded
106882,0.488786,0.511214,0,Feature or Disc
106885,0.305342,0.670223,0.024435,Feature or Disc
106886,0.255229,0.744202,5.69E-04,Feature or Disc
106896,0.844887,0.073623,0.08149,Rounded
106919,0.627844,0.372156,0,Rounded
106923,0.758512,0.208316,0.033172,Rounded
106931,0.466551,0.502747,0.030702,Feature or Disc
106944,0.195461,0.804539,0,Feature or Disc
106973,0.567391,0.421275,0.011334,Rounded
106986,0.204843,0.795157,0,Feature or Disc
107012,0,0.995229,0.004771,Feature or Disc
107019,0.557161,0.412019,0.03082,Rounded
107055,0.583662,0.401316,0.015023,Rounded
107064,0.312954,0.670699,0.016347,Feature or Disc
107084,0.058207,0.941793,0,Feature or Disc
107106,0.564946,0.403924,0.03113,Rounded
107117,0.015262,0.984543,1.95E-04,Feature or Disc
107143,0.854887,0.145113,0,Rounded
107159,0.008422,0.991578,0,Feature or Disc
107193,0.253771,0.631423,0.114806,Feature or Disc
107197,0.178756,0.821244,0,Feature or Disc
107202,0,0.964,0.036,Feature or Disc
107229,0.051901,0.948099,0,Feature or Disc
107231,0.176321,0.769091,0.054589,Feature or Disc
107261,0.687343,0.267671,0.044987,Rounded
107268,0.134283,0.854012,0.011705,Feature or Disc
107272,0.822508,0.156961,0.020531,Rounded
107290,0.419223,0.507682,0.073095,Feature or Disc
107298,0.927399,0.072601,0,Rounded
107314,0.098727,0.900492,7.80E-04,Feature or Disc
107355,0.173073,0.814717,0.01221,Feature or Disc
107374,0.191347,0.786178,0.022475,Feature or Disc
107379,0.028279,0.971721,0,Feature or Disc
107383,0.605956,0.392745,0.001299,Rounded
107388,0.798132,0.201868,0,Rounded
107394,0.824838,0.15751,0.017652,Rounded
107403,0.7471,0.162761,0.090139,Rounded
107406,0.479334,0.509474,0.011192,Feature or Disc
107415,0.474964,0.506394,0.018641,Feature or Disc
107422,0.354901,0.632365,0.012735,Feature or Disc
107434,0.465,0.535,0,Feature or Disc
107435,0.970662,0,0.029338,Rounded
107454,0.093634,0.901991,0.004376,Feature or Disc
107461,0.942511,0.054489,0.003,Rounded
107466,0.225,0.775,0,Feature or Disc
107480,0.642995,0.3335,0.023505,Rounded
107496,0.214385,0.740842,0.044773,Feature or Disc
107510,0.531496,0.39723,0.071274,Rounded
107517,0.152461,0.814998,0.032541,Feature or Disc
107521,0.767855,0.202889,0.029256,Rounded
107524,0.032914,0.967086,0,Feature or Disc
107527,0.528233,0.444289,0.027478,Rounded
107539,0.714531,0.259517,0.025952,Rounded
107553,0.851396,0.109129,0.039476,Rounded
107555,0,0.98,0.02,Feature or Disc
107559,0.27209,0.727325,5.86E-04,Feature or Disc
107560,0.499515,0.483345,0.01714,Rounded
107562,0.168383,0.787444,0.044173,Feature or Disc
107563,0.298299,0.701701,0,Feature or Disc
107573,0.835398,0.117257,0.047345,Rounded
107576,0.72105,0.238324,0.040626,Rounded
107583,0.04483,0.95517,0,Feature or Disc
107593,0.323486,0.675083,0.001431,Feature or Disc
107597,0.056683,0.916503,0.026814,Feature or Disc
107606,0.014403,0.985597,0,Feature or Disc
107608,0.542716,0.457284,0,Rounded
107610,0.768943,0.205872,0.025185,Rounded
107613,0.191217,0.808783,0,Feature or Disc
107616,0.160327,0.826519,0.013154,Feature or Disc
107619,0.982759,0,0.017241,Rounded
107627,0.120436,0.871182,0.008382,Feature or Disc
107629,0.130699,0.869301,0,Feature or Disc
107631,0.45036,0.47309,0.07655,Feature or Disc
107660,0.281371,0.718629,0,Feature or Disc
107688,0.569419,0.430581,0,Rounded
107692,0.768369,0.167711,0.06392,Rounded
107709,0.049151,0.894433,0.056416,Feature or Disc
107720,0.238374,0.759295,0.002331,Feature or Disc
107736,0.456254,0.543746,0,Feature or Disc
107745,0.101762,0.893293,0.004945,Feature or Disc
107747,0.068602,0.926582,0.004816,Feature or Disc
107794,0.513059,0.465837,0.021104,Rounded
107810,0.127639,0.87203,3.31E-04,Feature or Disc
107823,0.481767,0.46091,0.057323,Rounded
107828,0.846241,0.127001,0.026757,Rounded
107831,0.277214,0.722786,0,Feature or Disc
107849,0.93292,0.055065,0.012014,Rounded
107859,0.090346,0.906937,0.002717,Feature or Disc
107888,0.819854,0.154756,0.02539,Rounded
107943,0.147465,0.852535,0,Feature or Disc
107946,0.297693,0.687195,0.015112,Feature or Disc
107951,0.233584,0.678596,0.08782,Feature or Disc
107954,0.555599,0.413157,0.031244,Rounded
107961,0.831674,0.167761,5.65E-04,Rounded
107966,0.574175,0.363025,0.0628,Rounded
107967,0.935834,0.030653,0.033513,Rounded
107972,0.125805,0.817731,0.056464,Feature or Disc
107975,0.966195,0,0.033805,Rounded
107985,0.400963,0.458897,0.140139,Feature or Disc
107987,0.196581,0.797625,0.005794,Feature or Disc
108012,0.133602,0.850094,0.016304,Feature or Disc
108017,0.585131,0.364188,0.050682,Rounded
108038,0.062583,0.937417,0,Feature or Disc
108041,0.418891,0.550917,0.030192,Feature or Disc
108051,0.486999,0.513001,0,Feature or Disc
108066,0.605449,0.366132,0.02842,Rounded
108088,0.495232,0.504768,0,Feature or Disc
108103,0.572209,0.203328,0.224463,Rounded
108105,0.235309,0.748994,0.015697,Feature or Disc
108111,0.528648,0.471352,0,Rounded
108146,0.868443,0.074572,0.056984,Rounded
108160,0.743262,0.255729,0.001009,Rounded
108182,0.612172,0.387828,0,Rounded
108195,0.826714,0.141043,0.032243,Rounded
108207,0.619626,0.366287,0.014087,Rounded
108225,0.20783,0.791963,2.08E-04,Feature or Disc
108251,0.052716,0.907273,0.040011,Feature or Disc
108272,0,0.973,0.027,Feature or Disc
108305,0.750804,0.22086,0.028336,Rounded
108326,0.155539,0.84383,6.32E-04,Feature or Disc
108481,0.720761,0.248509,0.03073,Rounded
108497,0.40684,0.560011,0.033149,Feature or Disc
108507,0.465061,0.525796,0.009142,Feature or Disc
108545,0.497213,0.438698,0.064089,Rounded
108551,0.733259,0.222444,0.044296,Rounded
108574,0.017232,0.982768,0,Feature or Disc
108580,0.910461,0.075289,0.01425,Rounded
108584,0.739,0.174,0.087,Rounded
108601,0.408394,0.55891,0.032696,Feature or Disc
108608,0.002814,0.995439,0.001747,Feature or Disc
108624,0.832,0.021,0.147,Rounded
108642,0.376843,0.623157,0,Feature or Disc
108645,0.938,0,0.062,Rounded
108649,0.330461,0.659274,0.010265,Feature or Disc
108661,0.764342,0.19969,0.035967,Rounded
108672,0.854488,0.110783,0.034729,Rounded
108692,0.872665,0.127335,0,Rounded
108715,0.800244,0.164972,0.034784,Rounded
108717,0.849085,0.120211,0.030704,Rounded
108742,0.065335,0.855481,0.079184,Feature or Disc
108757,0.735361,0.244257,0.020382,Rounded
108764,0.260468,0.677817,0.061715,Feature or Disc
108772,0.007855,0.992145,0,Feature or Disc
108779,0.307584,0.691579,8.37E-04,Feature or Disc
108786,0.484253,0.426826,0.088922,Rounded
108914,0.751445,0.211755,0.036801,Rounded
108917,0.520195,0.479805,0,Rounded
108920,0.761686,0.227395,0.010919,Rounded
108928,0.801002,0.135185,0.063813,Rounded
108929,0.077416,0.910802,0.011782,Feature or Disc
108947,0.275739,0.709347,0.014914,Feature or Disc
108952,0.568549,0.431451,0,Rounded
108959,0.68,0.317,0.003,Rounded
108961,0.072409,0.926704,8.87E-04,Feature or Disc
108979,0.301,0.691,0.008,Feature or Disc
108985,0.392677,0.582283,0.02504,Feature or Disc
108988,0.75689,0.207522,0.035588,Rounded
108991,0.715796,0.227161,0.057043,Rounded
108994,0.828309,0.077348,0.094342,Rounded
109011,0.024719,0.949936,0.025346,Feature or Disc
109033,0.807,0.092,0.101,Rounded
109074,0.71696,0.28304,0,Rounded
109083,0.348968,0.643578,0.007454,Feature or Disc
109096,0.175181,0.824819,0,Feature or Disc
109098,0.787819,0.191405,0.020776,Rounded
109112,0.244593,0.753746,0.001661,Feature or Disc
109124,0.395346,0.591345,0.013308,Feature or Disc
109127,0.745751,0.21358,0.040669,Rounded
109132,0.026,0.974,0,Feature or Disc
109135,0.428005,0.571208,7.87E-04,Feature or Disc
109155,0.883,0.057,0.06,Rounded
109180,0.790008,0.173858,0.036134,Rounded
109215,0.878122,0.092907,0.028971,Rounded
109255,0.342042,0.642808,0.015151,Feature or Disc
109266,0.082034,0.880182,0.037784,Feature or Disc
109282,0.96334,0,0.03666,Rounded
109292,0.668891,0.314228,0.016881,Rounded
109330,0.588898,0.352636,0.058465,Rounded
109333,0.028936,0.971064,0,Feature or Disc
109360,0.500905,0.478605,0.02049,Rounded
109361,0.244531,0.755469,0,Feature or Disc
109366,0.023092,0.976908,0,Feature or Disc
109380,0.129009,0.860356,0.010635,Feature or Disc
109402,0.803,0.172,0.025,Rounded
109404,0.8,0.156,0.044,Rounded
109414,0.309691,0.485624,0.204686,Feature or Disc
109422,0.407777,0.567381,0.024842,Feature or Disc
109449,0.249909,0.737953,0.012138,Feature or Disc
109509,0.631392,0.366918,0.001691,Rounded
109529,0.380518,0.612668,0.006813,Feature or Disc
109568,0,1,0,Feature or Disc
109595,0.640031,0.228225,0.131744,Rounded
109623,0.740618,0.171815,0.087567,Rounded
109629,0.284836,0.685696,0.029468,Feature or Disc
109630,0.578787,0.421213,0,Rounded
109682,0.551553,0.372494,0.075953,Rounded
109688,0.086523,0.902929,0.010548,Feature or Disc
109699,0.503216,0.470401,0.026383,Rounded
109715,0.551351,0.448649,0,Rounded
109718,0.023221,0.976779,0,Feature or Disc
109727,0.606166,0.372967,0.020866,Rounded
109740,0.655892,0.276173,0.067935,Rounded
109744,0.038514,0.961486,0,Feature or Disc
109750,0.882883,0.022022,0.095095,Rounded
109772,0.189855,0.792163,0.017983,Feature or Disc
109780,0.038789,0.942108,0.019103,Feature or Disc
109827,0.584914,0.39879,0.016296,Rounded
109868,0.030072,0.969928,0,Feature or Disc
109879,0.463431,0.493815,0.042754,Feature or Disc
109885,0.330409,0.655385,0.014205,Feature or Disc
109888,0.414738,0.574701,0.010562,Feature or Disc
109946,0.228246,0.757199,0.014555,Feature or Disc
109977,0.758246,0.230356,0.011398,Rounded
110034,0.24658,0.75342,0,Feature or Disc
110063,0.331239,0.621855,0.046906,Feature or Disc
110074,0.611109,0.388891,0,Rounded
110076,0.529956,0.469414,6.31E-04,Rounded
110109,0.189532,0.788164,0.022304,Feature or Disc
110118,0.300324,0.666622,0.033054,Feature or Disc
110121,0.818786,0.180205,0.001009,Rounded
110129,0.544872,0.413189,0.041939,Rounded
110139,0.841,0.136,0.023,Rounded
110149,0.532542,0.38045,0.087008,Rounded
110178,0.60849,0.346855,0.044655,Rounded
110195,0.898842,0.099823,0.001335,Rounded
110217,0.143877,0.805818,0.050305,Feature or Disc
110250,0.534571,0.372343,0.093086,Rounded
110285,0.025815,0.970072,0.004113,Feature or Disc
110306,0.829,0.114,0.057,Rounded
110313,0.805982,0.125626,0.068392,Rounded
110339,0.007465,0.992535,0,Feature or Disc
110348,0.526813,0.414088,0.059099,Rounded
110349,0.581407,0.378377,0.040215,Rounded
110364,0.577544,0.159069,0.263386,Rounded
110370,0.389563,0.5844,0.026037,Feature or Disc
110375,0.064664,0.935336,0,Feature or Disc
110384,0.057217,0.930724,0.012058,Feature or Disc
110388,0.743,0.171,0.086,Rounded
110389,0.410824,0.574338,0.014839,Feature or Disc
110404,0,0.977,0.023,Feature or Disc
110411,0.845432,0.113897,0.040671,Rounded
110429,0.0806,0.9194,0,Feature or Disc
110465,0.384598,0.615402,0,Feature or Disc
110466,0.048299,0.951473,2.29E-04,Feature or Disc
110480,0.882333,0.092072,0.025595,Rounded
110521,0.031824,0.967865,3.11E-04,Feature or Disc
110528,0.101324,0.8979,7.76E-04,Feature or Disc
110538,0.721613,0.21223,0.066158,Rounded
110566,0.139031,0.830634,0.030335,Feature or Disc
110596,0.132901,0.85803,0.009069,Feature or Disc
110619,0.304928,0.649411,0.045661,Feature or Disc
110633,0.005592,0.994408,0,Feature or Disc
110636,0.855315,0.062867,0.081817,Rounded
110676,0.256219,0.715868,0.027912,Feature or Disc
110678,0.434646,0.540255,0.025099,Feature or Disc
110695,0.391,0.587,0.022,Feature or Disc
110707,0.341047,0.658953,0,Feature or Disc
110710,0.125123,0.770369,0.104508,Feature or Disc
110713,0,1,0,Feature or Disc
110719,0.223466,0.776534,0,Feature or Disc
110746,0.483714,0.516286,0,Feature or Disc
110763,0.133651,0.852267,0.014083,Feature or Disc
110789,0.099852,0.796492,0.103656,Feature or Disc
110805,0.812728,0.18389,0.003382,Rounded
110808,0.044944,0.950481,0.004575,Feature or Disc
110821,0.928053,0.041995,0.029952,Rounded
110837,0.163831,0.775638,0.060531,Feature or Disc
110844,0.032725,0.967275,0,Feature or Disc
110858,1,0,0,Rounded
110887,0.05954,0.930633,0.009827,Feature or Disc
110923,0.43745,0.536271,0.026279,Feature or Disc
110964,0.174982,0.735949,0.089068,Feature or Disc
110966,0.114,0.886,0,Feature or Disc
111022,0.371623,0.555417,0.07296,Feature or Disc
111038,0.729,0.25,0.021,Rounded
111121,0.240142,0.725513,0.034345,Feature or Disc
111123,0.209802,0.743981,0.046217,Feature or Disc
111125,0.242548,0.757452,0,Feature or Disc
111141,0.008522,0.991478,0,Feature or Disc
111142,0.738768,0.261232,0,Rounded
111149,0.520072,0.433428,0.0465,Rounded
111175,0.419136,0.580864,0,Feature or Disc
111182,0.391267,0.572138,0.036595,Feature or Disc
111207,0.753678,0.198083,0.048238,Rounded
111223,0.761827,0.173113,0.06506,Rounded
111240,0.754606,0.144458,0.100936,Rounded
111245,0.554083,0.431721,0.014196,Rounded
111259,0.571513,0.399707,0.02878,Rounded
111266,0.206635,0.78053,0.012835,Feature or Disc
111274,0.884,0.023,0.093,Rounded
111286,0.338383,0.661617,0,Feature or Disc
111298,0.564005,0.43526,7.35E-04,Rounded
111302,0.417405,0.582595,0,Feature or Disc
111305,0.27956,0.716384,0.004056,Feature or Disc
111312,0.769,0.023,0.208,Rounded
111383,0.797857,0.178556,0.023587,Rounded
111398,0.630814,0.369186,0,Rounded
111399,0.74837,0.233025,0.018605,Rounded
111411,0.724552,0.244347,0.031101,Rounded
111417,0.518738,0.439644,0.041618,Rounded
111428,0.933489,0,0.066511,Rounded
111481,0.643908,0.332678,0.023414,Rounded
111484,0.043162,0.956838,0,Feature or Disc
111491,0.053074,0.946926,0,Feature or Disc
111499,0.604639,0.395361,0,Rounded
111514,0,1,0,Feature or Disc
111534,0.068937,0.930771,2.91E-04,Feature or Disc
111552,0.161803,0.832422,0.005775,Feature or Disc
111553,0.154821,0.845179,0,Feature or Disc
111597,0.787788,0.069069,0.143143,Rounded
111615,0.079747,0.918937,0.001316,Feature or Disc
111622,0.039011,0.95713,0.003859,Feature or Disc
111658,0.052704,0.937165,0.010131,Feature or Disc
111660,0.641544,0.358456,0,Rounded
111667,0.388803,0.596596,0.014601,Feature or Disc
111681,0.919559,0.03482,0.045621,Rounded
111715,0.435412,0.564588,0,Feature or Disc
111716,0.195124,0.796108,0.008768,Feature or Disc
111725,0.689,0.244,0.067,Rounded
111727,0.646907,0.353093,0,Rounded
111743,0.33179,0.647949,0.020261,Feature or Disc
111753,0.777856,0.11992,0.102224,Rounded
111770,0.22109,0.772764,0.006146,Feature or Disc
111775,0.233566,0.751793,0.01464,Feature or Disc
111791,0.171922,0.81264,0.015439,Feature or Disc
111792,0.039376,0.960277,3.46E-04,Feature or Disc
111793,0.766193,0.126513,0.107294,Rounded
111799,0.046217,0.953783,0,Feature or Disc
111804,0.376645,0.623355,0,Feature or Disc
111834,0.169258,0.830742,0,Feature or Disc
111839,0.547626,0.434675,0.017699,Rounded
111858,0.290233,0.695831,0.013937,Feature or Disc
111879,0.387858,0.588065,0.024077,Feature or Disc
111882,0.034644,0.965356,0,Feature or Disc
111883,0.227529,0.76587,0.006601,Feature or Disc
111910,0.458384,0.524588,0.017029,Feature or Disc
111924,0.452045,0.522394,0.025561,Feature or Disc
111937,0.472972,0.46475,0.062278,Rounded
111979,0.19823,0.790942,0.010828,Feature or Disc
111980,0.519168,0.453905,0.026927,Rounded
112016,0.503535,0.495961,5.03E-04,Rounded
112017,0.432615,0.567385,0,Feature or Disc
112034,0.188871,0.81044,6.90E-04,Feature or Disc
112072,0.17625,0.805565,0.018185,Feature or Disc
112119,0.866045,0.085587,0.048367,Rounded
112122,0.173399,0.826601,0,Feature or Disc
112125,0.065036,0.934531,4.33E-04,Feature or Disc
112135,0.813748,0.186252,0,Rounded
112148,0.478463,0.465021,0.056517,Rounded
112167,0.713605,0.197726,0.088669,Rounded
112177,0.023627,0.952,0.024373,Feature or Disc
112188,0.216396,0.765944,0.01766,Feature or Disc
112196,0.165279,0.827806,0.006915,Feature or Disc
112229,0.699914,0.233171,0.066915,Rounded
112245,0.41562,0.551118,0.033262,Feature or Disc
112254,0.777144,0.188193,0.034663,Rounded
112259,0.191714,0.783653,0.024633,Feature or Disc
112263,0.099887,0.900113,0,Feature or Disc
112282,0.420928,0.558608,0.020464,Feature or Disc
112311,0.637914,0.295738,0.066348,Rounded
112314,0.048184,0.94095,0.010866,Feature or Disc
112345,0.182417,0.817583,0,Feature or Disc
112359,0.612795,0.323388,0.063816,Rounded
112404,0.057791,0.924339,0.01787,Feature or Disc
112420,0.062847,0.935207,0.001946,Feature or Disc
112438,0.078976,0.921024,0,Feature or Disc
112444,0,0.989,0.011,Feature or Disc
112479,0.081188,0.918812,0,Feature or Disc
112512,0.927615,0.058154,0.014231,Rounded
112518,0.273903,0.71027,0.015828,Feature or Disc
112527,0.253295,0.746705,0,Feature or Disc
112536,0.526467,0.439205,0.034328,Rounded
112538,0.333587,0.653194,0.013219,Feature or Disc
112574,0.59416,0.40584,0,Rounded
112586,0.196494,0.789761,0.013745,Feature or Disc
112592,0.872629,0.08627,0.041101,Rounded
112623,0.098811,0.901189,0,Feature or Disc
112627,0.314824,0.685176,0,Feature or Disc
112628,0.923,0.046,0.031,Rounded
112665,0.251104,0.736263,0.012633,Feature or Disc
112674,0.378101,0.561334,0.060565,Feature or Disc
112678,0.645964,0.352287,0.001748,Rounded
112698,0.263631,0.705852,0.030517,Feature or Disc
112700,0.212984,0.78355,0.003466,Feature or Disc
112726,0.399473,0.575618,0.024909,Feature or Disc
112764,0.731699,0.241745,0.026555,Rounded
112769,0.0102,0.987125,0.002675,Feature or Disc
112814,0.642455,0.239307,0.118238,Rounded
112819,0.699056,0.300944,0,Rounded
112824,0.090408,0.868046,0.041546,Feature or Disc
112826,0.723862,0.250513,0.025624,Rounded
112835,0.152716,0.824091,0.023193,Feature or Disc
112841,0.725416,0.244613,0.029971,Rounded
112843,0.457719,0.525546,0.016735,Feature or Disc
112846,0.894413,0.090551,0.015036,Rounded
112873,0.345138,0.653715,0.001147,Feature or Disc
112918,0.848234,0.151766,0,Rounded
112964,0.752756,0.208964,0.038279,Rounded
112965,0.615638,0.294758,0.089604,Rounded
112988,0.433027,0.46596,0.101013,Feature or Disc
112997,0.055795,0.919435,0.024769,Feature or Disc
113072,0.536617,0.400006,0.063377,Rounded
113102,0.48661,0.502385,0.011005,Feature or Disc
113118,0.806634,0.193366,0,Rounded
113142,0.671518,0.211957,0.116525,Rounded
113149,0.700073,0.271861,0.028066,Rounded
113166,0.733,0.131,0.136,Rounded
113168,0.289465,0.710535,0,Feature or Disc
113196,0.484435,0.509832,0.005733,Feature or Disc
113267,0.575137,0.424863,0,Rounded
113271,0.358135,0.628315,0.01355,Feature or Disc
113279,0.803514,0.080262,0.116223,Rounded
113284,0.06,0.88,0.06,Feature or Disc
113289,0,1,0,Feature or Disc
113303,0.229653,0.753122,0.017225,Feature or Disc
113305,0.570917,0.424985,0.004098,Rounded
113317,0.264671,0.735329,0,Feature or Disc
113322,0.425232,0.52799,0.046778,Feature or Disc
113373,0.624789,0.324086,0.051126,Rounded
113394,0.657949,0.341206,8.46E-04,Rounded
113402,0.175256,0.824437,3.07E-04,Feature or Disc
113417,0.485956,0.492179,0.021865,Feature or Disc
113418,0.705085,0.294915,0,Rounded
113420,0.971069,0.016959,0.011972,Rounded
113436,0.143565,0.856435,0,Feature or Disc
113444,0.683561,0.223062,0.093377,Rounded
113452,0.624483,0.318893,0.056624,Rounded
113457,0.620093,0.345883,0.034024,Rounded
